popote

122696	3760262840017
122697	3760262840048
122698	3760262840076
122699	3760262840086
122700	3760262840109
122701	3760262840116
122702	3760262840123
122703	3760262840130
122704	3760262840154
122705	3760262840185
122706	3760262840185
122707	3760262840222
122708	3760262840253
122709	3760262840260
122710	3760262840307
122711	3760262840314
122712	3760262840321
122713	3760262840468
122714	3760262840475
123479	3760262840499
122716	3760262841304
122718	3760262841359
122722	3760262842035
122723	3760262842042
122731	3760262842165

